left_home_rate: 10
left_end_rate: 50
left_home_point_number: 200
left_end_point_number: 500

left_home_joint: [1.0, 0.6048431257545822, 1.2013794286711174, -0.496927088854604, -0.510635128683514, 2.0358033652463656, 0.5499528228394175]
left_end_joint: [2.0, 0.6048431257545822, 1.2013794286711174, -0.496927088854604, -0.510635128683514, 2.0358033652463656, 0.5499528228394175]

right_home_rate: 10
right_end_rate: 50
right_home_point_number: 200
right_end_point_number: 500


right_home_joint: [3.0, 0.6048431257545822, 1.2013794286711174, -0.496927088854604, -0.510635128683514, 2.0358033652463656, 0.5499528228394175]
right_end_joint: [4.0, 0.6048431257545822, 1.2013794286711174, -0.496927088854604, -0.510635128683514, 2.0358033652463656, 0.5499528228394175]