left_home_rate: 100
left_end_rate: 100
left_default_rate: 100
left_home_point_number: 3000
left_end_point_number: 3000
left_default_point_number: 3000

left_home_joint: [0.562135426947945, 0.5743059311833298, 0.04049851962087446, -0.5328376126029071, 0.010031284674710173, 2.508450375456964, 0.8626112982928753]
left_end_joint: [0.562135426947945, 0.5743059311833298, 0.04049851962087446, -0.5328376126029071, 0.010031284674710173, 2.508450375456964, 0.8626112982928753]

right_home_rate: 100
right_end_rate: 100
right_default_rate: 100
right_home_point_number: 3000
right_end_point_number: 3000
right_default_point_number: 3000


right_home_joint: [-0.7780238883788124, 0.7200491727611475, 0.5834831916341185, -0.66359594027604656, -0.43295345889197445, 2.40979893658763, 0.8452322907588546]
right_end_joint: [-0.7780238883788124, 0.6200491727611475, 0.3834831916341185, -0.46359594027604656, -0.43295345889197445, 2.40979893658763, 0.8452322907588546]

#i_home_joint1:[-0.7558691915824907, 0.6594336496905276, 0.38003980182346536, -0.49114950065445473, -0.4616792995399899, 2.4353245914988833, 0.8780927542251228]
#i_home_joint2:[-0.7780949545157755, 0.6203182751674374, 0.3833628810874368, -0.4636290234687394, -0.4329938867357042, 2.4100849204310997, 0.8454563406440947]
#i_home_joint3:[-0.7781317917990285, 0.6202846306416027, 0.3833402905986316, -0.4636147496616631, -0.4329823404552374, 2.4100550263855194, 0.8454478144317531]
#i_home_joint4:[-0.7781509843876486, 0.6202443407992031, 0.3833628810874701, -0.46357469351358, -0.4329808629966737, 2.410029636579701, 0.8454493343167835]
#i_home_joint5:[-0.7782597873814747, 0.6201642443589996, 0.3833580218150703, -0.4635827717697429, -0.43298565824188073, 2.4100104484690474, 0.8454433150578996]

#i_end_joint1:[-0.7780932840799031, 0.6203214082132306, 0.383361210651565, -0.4636336344126798, -0.43300018392596273, 2.410090512903942, 0.8454548133056564]
#i_end_joint2:[-0.7781301212561758, 0.6202877030038257, 0.3833366856281173, -0.4636147496616631, -0.4329933161205715, 2.4100559579251724, 0.8454500463995884]
#i_end_joint3:[-0.7781493139517933, 0.620244574814512, 0.383361210651565, -0.46357636427042764, -0.43299114015367296, 2.41003106073358, 0.845444858405325]
#i_end_joint4:[-0.778254246089831, 0.6201642443589996, 0.3833580218030701, -0.4635827717697411, -0.4329925643053249, 2.410011160545879, 0.8454390883224977]
#i_end_joint5:[-0.7782254610062754, 0.6201798717307283, 0.3833708099275598, -0.46357480873794277, -0.43299074704778817, 2.410012266806089, 0.8454378570936225]

#o_home_joint1:[]
#o_home_joint2:[]
#o_home_joint3:[]
#o_home_joint4:[]
#o_home_joint5:[]

#o_end_joint1:[-0.7162781867395845, 0.7055672174337463, 0.40014815001484744, -0.523865007835522, -0.45408273564444646, 2.412637687696351, 0.8479529201337056]
#o_end_joint2:[-0.7187135317283764, 0.6997904572737678, 0.4183479624322135, -0.5178518182371542, -0.45409687307145863, 2.414009528149894, 0.8479517418154661]
#o_end_joint3:[-0.7190714398343253, 0.6976134255225198, 0.4298624852809564, -0.5144356454894758, -0.4541128028005137, 2.4174824168019824, 0.8479499701004889]
#o_end_joint4:[-0.712970073715943, 0.6699421870680335, 0.4375025677759149, -0.513114629584024, -0.454140026834276, 2.4185933710866503, 0.8479583893329612]
#o_end_joint5:[]